# Migration is number of nodes that have changed color.

Round		Edge-Cut		Swaps		Migrations		Skipped
0		8353		3772		3072
1		7107		6730		3153
2		6321		8956		3208
3		5670		10686		3215
4		5263		12130		3225
5		4891		13466		3245
6		4630		14677		3283
7		4326		15708		3280
8		4101		16604		3239
9		3920		17398		3250
10		3672		18070		3259
11		3504		18609		3268
12		3419		19137		3264
13		3316		19622		3259
14		3236		20038		3288
15		3150		20439		3286
16		3094		20829		3271
17		3012		21185		3269
18		2931		21572		3283
19		2898		21890		3292
20		2847		22226		3293
21		2799		22527		3302
22		2758		22820		3299
23		2720		23086		3295
24		2693		23352		3311
25		2671		23579		3310
26		2640		23818		3316
27		2614		24075		3299
28		2580		24319		3307
29		2545		24511		3313
30		2518		24717		3314
31		2529		24891		3310
32		2504		25066		3306
33		2489		25237		3302
34		2467		25371		3300
35		2452		25543		3308
36		2436		25686		3313
37		2411		25854		3316
38		2392		25987		3308
39		2379		26132		3312
40		2354		26258		3321
41		2323		26353		3322
42		2318		26460		3326
43		2302		26547		3328
44		2299		26668		3325
45		2297		26785		3319
46		2262		26898		3322
47		2263		27006		3309
48		2247		27081		3326
49		2235		27166		3327
50		2236		27255		3323
51		2251		27385		3318
52		2240		27505		3321
53		2231		27640		3317
54		2210		27749		3314
55		2188		27873		3317
56		2183		27966		3326
57		2171		28047		3318
58		2141		28123		3332
59		2143		28201		3323
60		2131		28268		3321
61		2128		28327		3318
62		2122		28394		3323
63		2115		28468		3325
64		2105		28529		3314
65		2098		28584		3325
66		2099		28639		3320
67		2082		28695		3333
68		2080		28750		3322
69		2070		28808		3321
70		2081		28881		3323
71		2066		28934		3330
72		2057		28976		3327
73		2054		29012		3325
74		2049		29042		3329
75		2050		29085		3322
76		2045		29119		3325
77		2038		29164		3330
78		2037		29191		3333
79		2032		29225		3330
80		2035		29256		3327
81		2030		29312		3329
82		2029		29358		3331
83		2014		29406		3340
84		2015		29433		3331
85		2008		29460		3334
86		2010		29486		3337
87		1994		29520		3332
88		1995		29545		3337
89		1992		29578		3334
90		1989		29602		3337
91		1988		29631		3334
92		1981		29652		3333
93		1983		29664		3331
94		1985		29688		3333
95		1984		29703		3334
96		1982		29717		3329
97		1971		29732		3331
98		1968		29746		3332
99		1968		29752		3333
100		1967		29757		3332
101		1968		29760		3333
102		1970		29764		3333
103		1967		29768		3334
104		1964		29772		3333
105		1964		29776		3332
106		1965		29781		3330
107		1966		29784		3331
108		1964		29790		3331
109		1960		29797		3329
110		1959		29806		3331
111		1959		29808		3330
112		1961		29813		3328
113		1963		29828		3331
114		1960		29845		3329
115		1958		29850		3329
116		1960		29862		3330
117		1962		29864		3328
118		1961		29867		3327
119		1957		29869		3328
120		1957		29870		3328
121		1957		29871		3328
122		1956		29877		3328
123		1959		29882		3326
124		1959		29885		3327
125		1959		29888		3328
126		1959		29893		3328
127		1958		29898		3327
128		1955		29900		3328
129		1956		29902		3327
130		1955		29904		3326
131		1954		29907		3327
132		1956		29911		3327
133		1957		29914		3326
134		1958		29916		3328
135		1956		29921		3327
136		1957		29926		3328
137		1953		29931		3327
138		1955		29936		3326
139		1955		29938		3326
140		1956		29942		3328
141		1957		29947		3327
142		1958		29953		3327
143		1955		29959		3326
144		1957		29965		3327
145		1957		29970		3326
146		1956		29977		3327
147		1955		29981		3325
148		1956		29983		3326
149		1955		29985		3325
150		1952		29990		3327
151		1955		29996		3326
152		1956		30000		3327
153		1957		30004		3326
154		1959		30014		3326
155		1963		30022		3325
156		1961		30029		3327
157		1965		30042		3324
158		1952		30049		3327
159		1950		30053		3326
160		1950		30053		3326
161		1950		30054		3325
162		1949		30058		3325
163		1950		30059		3326
164		1950		30061		3324
165		1950		30061		3324
166		1950		30062		3325
167		1948		30064		3325
168		1948		30064		3325
169		1948		30064		3325
170		1948		30064		3325
171		1948		30064		3325
172		1948		30064		3325
173		1948		30064		3325
174		1948		30064		3325
175		1948		30064		3325
176		1948		30064		3325
177		1948		30064		3325
178		1948		30064		3325
179		1948		30064		3325
180		1948		30064		3325
181		1948		30064		3325
182		1948		30064		3325
183		1948		30064		3325
184		1948		30064		3325
185		1948		30064		3325
186		1948		30064		3325
187		1948		30064		3325
188		1948		30064		3325
189		1948		30064		3325
190		1948		30064		3325
191		1948		30064		3325
192		1948		30064		3325
193		1948		30064		3325
194		1948		30064		3325
195		1948		30064		3325
196		1948		30064		3325
197		1948		30064		3325
198		1948		30064		3325
199		1948		30064		3325
200		1948		30064		3325
201		1948		30064		3325
202		1948		30064		3325
203		1948		30064		3325
204		1948		30064		3325
205		1948		30064		3325
206		1948		30064		3325
207		1948		30064		3325
208		1948		30064		3325
209		1948		30064		3325
210		1948		30064		3325
211		1948		30064		3325
212		1948		30064		3325
213		1948		30064		3325
214		1948		30064		3325
215		1948		30064		3325
216		1948		30064		3325
217		1948		30064		3325
218		1948		30064		3325
219		1948		30064		3325
220		1948		30064		3325
221		1948		30064		3325
222		1948		30064		3325
223		1948		30064		3325
224		1948		30064		3325
225		1948		30064		3325
226		1948		30064		3325
227		1948		30064		3325
228		1948		30064		3325
229		1948		30064		3325
230		1948		30064		3325
231		1948		30064		3325
232		1948		30064		3325
233		1948		30064		3325
234		1948		30064		3325
235		1948		30064		3325
236		1948		30064		3325
237		1948		30064		3325
238		1948		30064		3325
239		1948		30064		3325
240		1948		30064		3325
241		1948		30064		3325
242		1948		30064		3325
243		1948		30064		3325
244		1948		30064		3325
245		1948		30064		3325
246		1948		30064		3325
247		1948		30064		3325
248		1948		30064		3325
249		1948		30064		3325
250		1948		30064		3325
251		1948		30064		3325
252		1948		30064		3325
253		1948		30064		3325
254		1948		30064		3325
255		1948		30064		3325
256		1948		30064		3325
257		1948		30064		3325
258		1948		30064		3325
259		1948		30064		3325
260		1948		30064		3325
261		1948		30064		3325
262		1948		30064		3325
263		1948		30064		3325
264		1948		30064		3325
265		1948		30064		3325
266		1948		30064		3325
267		1948		30064		3325
268		1948		30064		3325
269		1948		30064		3325
270		1948		30064		3325
271		1948		30064		3325
272		1948		30064		3325
273		1948		30064		3325
274		1948		30064		3325
275		1948		30064		3325
276		1948		30064		3325
277		1948		30064		3325
278		1948		30064		3325
279		1948		30064		3325
280		1948		30064		3325
281		1948		30064		3325
282		1948		30064		3325
283		1948		30064		3325
284		1948		30064		3325
285		1948		30064		3325
286		1948		30064		3325
287		1948		30064		3325
288		1948		30064		3325
289		1948		30064		3325
290		1948		30064		3325
291		1948		30064		3325
292		1948		30064		3325
293		1948		30064		3325
294		1948		30064		3325
295		1948		30064		3325
296		1948		30064		3325
297		1948		30064		3325
298		1948		30064		3325
299		1948		30064		3325
300		1948		30064		3325
301		1948		30064		3325
302		1948		30064		3325
303		1948		30064		3325
304		1948		30064		3325
305		1948		30064		3325
306		1948		30064		3325
307		1948		30064		3325
308		1948		30064		3325
309		1948		30064		3325
310		1948		30064		3325
311		1948		30064		3325
312		1948		30064		3325
313		1948		30064		3325
314		1948		30064		3325
315		1948		30064		3325
316		1948		30064		3325
317		1948		30064		3325
318		1948		30064		3325
319		1948		30064		3325
320		1948		30064		3325
321		1948		30064		3325
322		1948		30064		3325
323		1948		30064		3325
324		1948		30064		3325
325		1948		30064		3325
326		1948		30064		3325
327		1948		30064		3325
328		1948		30064		3325
329		1948		30064		3325
330		1948		30064		3325
331		1948		30064		3325
332		1948		30064		3325
333		1948		30064		3325
334		1948		30064		3325
335		1948		30064		3325
336		1948		30064		3325
337		1948		30064		3325
338		1948		30064		3325
339		1948		30064		3325
340		1948		30064		3325
341		1948		30064		3325
342		1948		30064		3325
343		1948		30064		3325
344		1948		30064		3325
345		1948		30064		3325
346		1948		30064		3325
347		1948		30064		3325
348		1948		30064		3325
349		1948		30064		3325
350		1948		30064		3325
351		1948		30064		3325
352		1948		30064		3325
353		1948		30064		3325
354		1948		30064		3325
355		1948		30064		3325
356		1948		30064		3325
357		1948		30064		3325
358		1948		30064		3325
359		1948		30064		3325
360		1948		30064		3325
361		1948		30064		3325
362		1948		30064		3325
363		1948		30064		3325
364		1948		30064		3325
365		1948		30064		3325
366		1948		30064		3325
367		1948		30064		3325
368		1948		30064		3325
369		1948		30064		3325
370		1948		30064		3325
371		1948		30064		3325
372		1948		30064		3325
373		1948		30064		3325
374		1948		30064		3325
375		1948		30064		3325
376		1948		30064		3325
377		1948		30064		3325
378		1948		30064		3325
379		1948		30064		3325
380		1948		30064		3325
381		1948		30064		3325
382		1948		30064		3325
383		1948		30064		3325
384		1948		30064		3325
385		1948		30064		3325
386		1948		30064		3325
387		1948		30064		3325
388		1948		30064		3325
389		1948		30064		3325
390		1948		30064		3325
391		1948		30064		3325
392		1948		30064		3325
393		1948		30064		3325
394		1948		30064		3325
395		1948		30064		3325
396		1948		30064		3325
397		1948		30064		3325
398		1948		30064		3325
399		1948		30064		3325
400		1948		30064		3325
401		1948		30064		3325
402		1948		30064		3325
403		1948		30064		3325
404		1948		30064		3325
405		1948		30064		3325
406		1948		30064		3325
407		1948		30064		3325
408		1948		30064		3325
409		1948		30064		3325
410		1948		30064		3325
411		1948		30064		3325
412		1948		30064		3325
413		1948		30064		3325
414		1948		30064		3325
415		1948		30064		3325
416		1948		30064		3325
417		1948		30064		3325
418		1948		30064		3325
419		1948		30064		3325
420		1948		30064		3325
421		1948		30064		3325
422		1948		30064		3325
423		1948		30064		3325
424		1948		30064		3325
425		1948		30064		3325
426		1948		30064		3325
427		1948		30064		3325
428		1948		30064		3325
429		1948		30064		3325
430		1948		30064		3325
431		1948		30064		3325
432		1948		30064		3325
433		1948		30064		3325
434		1948		30064		3325
435		1948		30064		3325
436		1948		30064		3325
437		1948		30064		3325
438		1948		30064		3325
439		1948		30064		3325
440		1948		30064		3325
441		1948		30064		3325
442		1948		30064		3325
443		1948		30064		3325
444		1948		30064		3325
445		1948		30064		3325
446		1948		30064		3325
447		1948		30064		3325
448		1948		30064		3325
449		1948		30064		3325
450		1948		30064		3325
451		1948		30064		3325
452		1948		30064		3325
453		1948		30064		3325
454		1948		30064		3325
455		1948		30064		3325
456		1948		30064		3325
457		1948		30064		3325
458		1948		30064		3325
459		1948		30064		3325
460		1948		30064		3325
461		1948		30064		3325
462		1948		30064		3325
463		1948		30064		3325
464		1948		30064		3325
465		1948		30064		3325
466		1948		30064		3325
467		1948		30064		3325
468		1948		30064		3325
469		1948		30064		3325
470		1948		30064		3325
471		1948		30064		3325
472		1948		30064		3325
473		1948		30064		3325
474		1948		30064		3325
475		1948		30064		3325
476		1948		30064		3325
477		1948		30064		3325
478		1948		30064		3325
479		1948		30064		3325
480		1948		30064		3325
481		1948		30064		3325
482		1948		30064		3325
483		1948		30064		3325
484		1948		30064		3325
485		1948		30064		3325
486		1948		30064		3325
487		1948		30064		3325
488		1948		30064		3325
489		1948		30064		3325
490		1948		30064		3325
491		1948		30064		3325
492		1948		30064		3325
493		1948		30064		3325
494		1948		30064		3325
495		1948		30064		3325
496		1948		30064		3325
497		1948		30064		3325
498		1948		30064		3325
499		1948		30064		3325
500		1948		30064		3325
501		1948		30064		3325
502		1948		30064		3325
503		1948		30064		3325
504		1948		30064		3325
505		1948		30064		3325
506		1948		30064		3325
507		1948		30064		3325
508		1948		30064		3325
509		1948		30064		3325
510		1948		30064		3325
511		1948		30064		3325
512		1948		30064		3325
513		1948		30064		3325
514		1948		30064		3325
515		1948		30064		3325
516		1948		30064		3325
517		1948		30064		3325
518		1948		30064		3325
519		1948		30064		3325
520		1948		30064		3325
521		1948		30064		3325
522		1948		30064		3325
523		1948		30064		3325
524		1948		30064		3325
525		1948		30064		3325
526		1948		30064		3325
527		1948		30064		3325
528		1948		30064		3325
529		1948		30064		3325
530		1948		30064		3325
531		1948		30064		3325
532		1948		30064		3325
533		1948		30064		3325
534		1948		30064		3325
535		1948		30064		3325
536		1948		30064		3325
537		1948		30064		3325
538		1948		30064		3325
539		1948		30064		3325
540		1948		30064		3325
541		1948		30064		3325
542		1948		30064		3325
543		1948		30064		3325
544		1948		30064		3325
545		1948		30064		3325
546		1948		30064		3325
547		1948		30064		3325
548		1948		30064		3325
549		1948		30064		3325
550		1948		30064		3325
551		1948		30064		3325
552		1948		30064		3325
553		1948		30064		3325
554		1948		30064		3325
555		1948		30064		3325
556		1948		30064		3325
557		1948		30064		3325
558		1948		30064		3325
559		1948		30064		3325
560		1948		30064		3325
561		1948		30064		3325
562		1948		30064		3325
563		1948		30064		3325
564		1948		30064		3325
565		1948		30064		3325
566		1948		30064		3325
567		1948		30064		3325
568		1948		30064		3325
569		1948		30064		3325
570		1948		30064		3325
571		1948		30064		3325
572		1948		30064		3325
573		1948		30064		3325
574		1948		30064		3325
575		1948		30064		3325
576		1948		30064		3325
577		1948		30064		3325
578		1948		30064		3325
579		1948		30064		3325
580		1948		30064		3325
581		1948		30064		3325
582		1948		30064		3325
583		1948		30064		3325
584		1948		30064		3325
585		1948		30064		3325
586		1948		30064		3325
587		1948		30064		3325
588		1948		30064		3325
589		1948		30064		3325
590		1948		30064		3325
591		1948		30064		3325
592		1948		30064		3325
593		1948		30064		3325
594		1948		30064		3325
595		1948		30064		3325
596		1948		30064		3325
597		1948		30064		3325
598		1948		30064		3325
599		1948		30064		3325
600		1948		30064		3325
601		1948		30064		3325
602		1948		30064		3325
603		1948		30064		3325
604		1948		30064		3325
605		1948		30064		3325
606		1948		30064		3325
607		1948		30064		3325
608		1948		30064		3325
609		1948		30064		3325
610		1948		30064		3325
611		1948		30064		3325
612		1948		30064		3325
613		1948		30064		3325
614		1948		30064		3325
615		1948		30064		3325
616		1948		30064		3325
617		1948		30064		3325
618		1948		30064		3325
619		1948		30064		3325
620		1948		30064		3325
621		1948		30064		3325
622		1948		30064		3325
623		1948		30064		3325
624		1948		30064		3325
625		1948		30064		3325
626		1948		30064		3325
627		1948		30064		3325
628		1948		30064		3325
629		1948		30064		3325
630		1948		30064		3325
631		1948		30064		3325
632		1948		30064		3325
633		1948		30064		3325
634		1948		30064		3325
635		1948		30064		3325
636		1948		30064		3325
637		1948		30064		3325
638		1948		30064		3325
639		1948		30064		3325
640		1948		30064		3325
641		1948		30064		3325
642		1948		30064		3325
643		1948		30064		3325
644		1948		30064		3325
645		1948		30064		3325
646		1948		30064		3325
647		1948		30064		3325
648		1948		30064		3325
649		1948		30064		3325
650		1948		30064		3325
651		1948		30064		3325
652		1948		30064		3325
653		1948		30064		3325
654		1948		30064		3325
655		1948		30064		3325
656		1948		30064		3325
657		1948		30064		3325
658		1948		30064		3325
659		1948		30064		3325
660		1948		30064		3325
661		1948		30064		3325
662		1948		30064		3325
663		1948		30064		3325
664		1948		30064		3325
665		1948		30064		3325
666		1948		30064		3325
667		1948		30064		3325
668		1948		30064		3325
669		1948		30064		3325
670		1948		30064		3325
671		1948		30064		3325
672		1948		30064		3325
673		1948		30064		3325
674		1948		30064		3325
675		1948		30064		3325
676		1948		30064		3325
677		1948		30064		3325
678		1948		30064		3325
679		1948		30064		3325
680		1948		30064		3325
681		1948		30064		3325
682		1948		30064		3325
683		1948		30064		3325
684		1948		30064		3325
685		1948		30064		3325
686		1948		30064		3325
687		1948		30064		3325
688		1948		30064		3325
689		1948		30064		3325
690		1948		30064		3325
691		1948		30064		3325
692		1948		30064		3325
693		1948		30064		3325
694		1948		30064		3325
695		1948		30064		3325
696		1948		30064		3325
697		1948		30064		3325
698		1948		30064		3325
699		1948		30064		3325
700		1948		30064		3325
701		1948		30064		3325
702		1948		30064		3325
703		1948		30064		3325
704		1948		30064		3325
705		1948		30064		3325
706		1948		30064		3325
707		1948		30064		3325
708		1948		30064		3325
709		1948		30064		3325
710		1948		30064		3325
711		1948		30064		3325
712		1948		30064		3325
713		1948		30064		3325
714		1948		30064		3325
715		1948		30064		3325
716		1948		30064		3325
717		1948		30064		3325
718		1948		30064		3325
719		1948		30064		3325
720		1948		30064		3325
721		1948		30064		3325
722		1948		30064		3325
723		1948		30064		3325
724		1948		30064		3325
725		1948		30064		3325
726		1948		30064		3325
727		1948		30064		3325
728		1948		30064		3325
729		1948		30064		3325
730		1948		30064		3325
731		1948		30064		3325
732		1948		30064		3325
733		1948		30064		3325
734		1948		30064		3325
735		1948		30064		3325
736		1948		30064		3325
737		1948		30064		3325
738		1948		30064		3325
739		1948		30064		3325
740		1948		30064		3325
741		1948		30064		3325
742		1948		30064		3325
743		1948		30064		3325
744		1948		30064		3325
745		1948		30064		3325
746		1948		30064		3325
747		1948		30064		3325
748		1948		30064		3325
749		1948		30064		3325
750		1948		30064		3325
751		1948		30064		3325
752		1948		30064		3325
753		1948		30064		3325
754		1948		30064		3325
755		1948		30064		3325
756		1948		30064		3325
757		1948		30064		3325
758		1948		30064		3325
759		1948		30064		3325
760		1948		30064		3325
761		1948		30064		3325
762		1948		30064		3325
763		1948		30064		3325
764		1948		30064		3325
765		1948		30064		3325
766		1948		30064		3325
767		1948		30064		3325
768		1948		30064		3325
769		1948		30064		3325
770		1948		30064		3325
771		1948		30064		3325
772		1948		30064		3325
773		1948		30064		3325
774		1948		30064		3325
775		1948		30064		3325
776		1948		30064		3325
777		1948		30064		3325
778		1948		30064		3325
779		1948		30064		3325
780		1948		30064		3325
781		1948		30064		3325
782		1948		30064		3325
783		1948		30064		3325
784		1948		30064		3325
785		1948		30064		3325
786		1948		30064		3325
787		1948		30064		3325
788		1948		30064		3325
789		1948		30064		3325
790		1948		30064		3325
791		1948		30064		3325
792		1948		30064		3325
793		1948		30064		3325
794		1948		30064		3325
795		1948		30064		3325
796		1948		30064		3325
797		1948		30064		3325
798		1948		30064		3325
799		1948		30064		3325
800		1948		30064		3325
801		1948		30064		3325
802		1948		30064		3325
803		1948		30064		3325
804		1948		30064		3325
805		1948		30064		3325
806		1948		30064		3325
807		1948		30064		3325
808		1948		30064		3325
809		1948		30064		3325
810		1948		30064		3325
811		1948		30064		3325
812		1948		30064		3325
813		1948		30064		3325
814		1948		30064		3325
815		1948		30064		3325
816		1948		30064		3325
817		1948		30064		3325
818		1948		30064		3325
819		1948		30064		3325
820		1948		30064		3325
821		1948		30064		3325
822		1948		30064		3325
823		1948		30064		3325
824		1948		30064		3325
825		1948		30064		3325
826		1948		30064		3325
827		1948		30064		3325
828		1948		30064		3325
829		1948		30064		3325
830		1948		30064		3325
831		1948		30064		3325
832		1948		30064		3325
833		1948		30064		3325
834		1948		30064		3325
835		1948		30064		3325
836		1948		30064		3325
837		1948		30064		3325
838		1948		30064		3325
839		1948		30064		3325
840		1948		30064		3325
841		1948		30064		3325
842		1948		30064		3325
843		1948		30064		3325
844		1948		30064		3325
845		1948		30064		3325
846		1948		30064		3325
847		1948		30064		3325
848		1948		30064		3325
849		1948		30064		3325
850		1948		30064		3325
851		1948		30064		3325
852		1948		30064		3325
853		1948		30064		3325
854		1948		30064		3325
855		1948		30064		3325
856		1948		30064		3325
857		1948		30064		3325
858		1948		30064		3325
859		1948		30064		3325
860		1948		30064		3325
861		1948		30064		3325
862		1948		30064		3325
863		1948		30064		3325
864		1948		30064		3325
865		1948		30064		3325
866		1948		30064		3325
867		1948		30064		3325
868		1948		30064		3325
869		1948		30064		3325
870		1948		30064		3325
871		1948		30064		3325
872		1948		30064		3325
873		1948		30064		3325
874		1948		30064		3325
875		1948		30064		3325
876		1948		30064		3325
877		1948		30064		3325
878		1948		30064		3325
879		1948		30064		3325
880		1948		30064		3325
881		1948		30064		3325
882		1948		30064		3325
883		1948		30064		3325
884		1948		30064		3325
885		1948		30064		3325
886		1948		30064		3325
887		1948		30064		3325
888		1948		30064		3325
889		1948		30064		3325
890		1948		30064		3325
891		1948		30064		3325
892		1948		30064		3325
893		1948		30064		3325
894		1948		30064		3325
895		1948		30064		3325
896		1948		30064		3325
897		1948		30064		3325
898		1948		30064		3325
899		1948		30064		3325
900		1948		30064		3325
901		1948		30064		3325
902		1948		30064		3325
903		1948		30064		3325
904		1948		30064		3325
905		1948		30064		3325
906		1948		30064		3325
907		1948		30064		3325
908		1948		30064		3325
909		1948		30064		3325
910		1948		30064		3325
911		1948		30064		3325
912		1948		30064		3325
913		1948		30064		3325
914		1948		30064		3325
915		1948		30064		3325
916		1948		30064		3325
917		1948		30064		3325
918		1948		30064		3325
919		1948		30064		3325
920		1948		30064		3325
921		1948		30064		3325
922		1948		30064		3325
923		1948		30064		3325
924		1948		30064		3325
925		1948		30064		3325
926		1948		30064		3325
927		1948		30064		3325
928		1948		30064		3325
929		1948		30064		3325
930		1948		30064		3325
931		1948		30064		3325
932		1948		30064		3325
933		1948		30064		3325
934		1948		30064		3325
935		1948		30064		3325
936		1948		30064		3325
937		1948		30064		3325
938		1948		30064		3325
939		1948		30064		3325
940		1948		30064		3325
941		1948		30064		3325
942		1948		30064		3325
943		1948		30064		3325
944		1948		30064		3325
945		1948		30064		3325
946		1948		30064		3325
947		1948		30064		3325
948		1948		30064		3325
949		1948		30064		3325
950		1948		30064		3325
951		1948		30064		3325
952		1948		30064		3325
953		1948		30064		3325
954		1948		30064		3325
955		1948		30064		3325
956		1948		30064		3325
957		1948		30064		3325
958		1948		30064		3325
959		1948		30064		3325
960		1948		30064		3325
961		1948		30064		3325
962		1948		30064		3325
963		1948		30064		3325
964		1948		30064		3325
965		1948		30064		3325
966		1948		30064		3325
967		1948		30064		3325
968		1948		30064		3325
969		1948		30064		3325
970		1948		30064		3325
971		1948		30064		3325
972		1948		30064		3325
973		1948		30064		3325
974		1948		30064		3325
975		1948		30064		3325
976		1948		30064		3325
977		1948		30064		3325
978		1948		30064		3325
979		1948		30064		3325
980		1948		30064		3325
981		1948		30064		3325
982		1948		30064		3325
983		1948		30064		3325
984		1948		30064		3325
985		1948		30064		3325
986		1948		30064		3325
987		1948		30064		3325
988		1948		30064		3325
989		1948		30064		3325
990		1948		30064		3325
991		1948		30064		3325
992		1948		30064		3325
993		1948		30064		3325
994		1948		30064		3325
995		1948		30064		3325
996		1948		30064		3325
997		1948		30064		3325
998		1948		30064		3325
999		1948		30064		3325
